420 248
958 44
198 102
691 745
267 434
532 212
16 939
714 329
560 337
352 621
419 570
103 825
182 232
200 495
885 353
514 533
734 263
348 369
367 984
373 307
955 97
202 89
433 287
296 990
701 766
955 620
699 854
446 421
794 354
652 940
701 27
910 449
720 565
878 101
521 895
251 210
372 385
942 15
148 305
772 27
407 831
989 943
393 210
797 945
315 962
913 6
813 943
660 224
66 209
122 328
516 994
573 366
672 266
182 815
579 633
342 566
788 458
933 574
204 254
500 630
171 366
934 262
101 117
140 153
541 693
465 468
137 353
474 326
854 699
859 336
69 664
326 607
734 872
773 56
996 586
482 651
402 247
405 603
140 550
613 477
920 504
491 887
558 796
676 355
463 782
181 987
426 236
627 559
213 898
459 190
793 254
792 521
286 350
748 182
434 920
929 539
60 34
519 817
190 363
321 516
